0
1
2
3
4
5
6
7
8
9
10
11
12
13
14
15
16
17
18
19
20
21
22
23
24
25
26
27
28
29
30
31
32
33
34
35
36
37
38
39
40
41
42
43
44
45
46
47
48
49
50
51
52
53
54
55
56
57
58
59
60
61
62
63
64
65
66
67
68
69
70
71
72
73
74
75
76
77
78
79
80
81
82
83
84
85
86
87
88
89
90
91
92
93
94
95
96
97
98
99
100
101
102
103
104
105
106
107
108
109
110
111
112
113
114
115
116
117
118
119
120
121
122
123
124
125
126
127
128
129
130
131
132
133
134
135
136
137
138
140
141
142
143
175
144
145
146
147
148
149
150
151
152
153
154
155
156
157
158
159
160
161
162
163
164
165
166
167
168
332
170
139
173
174
239
208
241
209
210
211
180
181
182
183
184
185
186
187
188
189
190
191
192
193
194
195
196
197
198
199
200
169
171
365
333
303
271
240
272
273
274
242
243
244
214
215
216
217
218
219
220
221
222
223
224
225
226
227
228
229
230
231
232
201
202
203
172
366
334
335
304
305
306
338
275
307
276
247
248
249
250
251
252
253
254
255
256
257
258
259
260
363
261
262
263
264
233
234
204
237
398
367
336
337
369
370
308
340
341
342
280
281
282
283
284
285
286
287
288
289
290
291
292
293
294
326
295
296
265
235
236
205
206
399
400
368
401
402
339
371
372
374
343
313
314
315
316
317
318
319
320
321
322
323
324
325
362
331
327
328
297
266
267
268
207
176
432
433
277
213
246
279
403
373
375
344
346
347
348
349
350
351
352
353
354
355
356
357
358
394
391
359
360
329
298
299
269
238
177
179
212
245
312
278
404
405
406
376
377
379
380
381
382
383
384
385
386
387
388
389
424
393
396
390
454
392
361
330
300
301
270
178
310
311
345
439
434
437
407
408
409
411
412
413
414
415
416
417
418
419
420
421
422
425
395
364
517
423
490
459
460
428
302
309
470
471
378
466
435
436
438
440
410
442
444
445
446
447
448
449
450
451
452
453
455
456
426
397
429
521
522
491
523
524
492
493
502
472
505
465
467
468
469
441
474
443
475
477
478
479
480
481
482
483
484
485
486
488
457
427
430
461
553
554
555
556
525
557
534
503
504
497
498
500
501
473
506
507
476
509
510
511
512
513
514
515
516
518
519
487
489
458
462
431
464
586
587
588
589
558
566
535
536
530
531
499
532
537
538
539
540
508
542
543
544
545
546
547
548
549
550
551
552
520
494
463
495
496
619
620
621
590
597
598
567
568
562
563
533
569
570
571
572
573
574
575
576
577
578
579
580
581
582
583
584
585
618
526
527
528
529
651
653
622
629
630
599
600
565
595
564
601
602
603
604
605
606
607
608
609
610
611
612
613
614
615
616
617
650
559
591
560
561
652
684
754
722
661
662
631
632
627
596
633
634
635
636
637
638
639
640
641
642
643
644
645
646
647
648
649
682
654
623
592
593
683
784
753
786
755
694
663
664
665
628
660
693
667
541
669
670
671
672
673
674
675
676
677
678
679
680
681
714
685
686
655
624
815
715
785
723
787
757
726
695
696
697
698
666
699
668
701
702
703
704
705
706
707
708
709
710
711
712
713
747
716
717
687
656
752
816
625
594
659
756
758
727
728
729
730
731
732
700
733
734
735
736
737
738
739
740
741
742
743
744
745
746
748
749
718
719
688
689
657
626
658
788
789
790
759
760
761
762
763
764
765
766
767
768
769
770
771
772
773
774
775
776
777
778
779
780
781
750
751
720
721
690
691
819
821
822
791
792
793
794
795
796
797
798
799
800
801
802
803
804
805
806
807
808
809
810
811
812
813
782
814
783
817
818
724
725
820
692
823
824
825
826
827
828
829
830
831
832
833
834
835
836
837
838
839
840
841
842
843
844
845
846
847
848
849
850
851
852
853
854
855
856
857
858
859
860
861
862
863
864
865
866
867
868
869
870
871
872
873
874
875
876
877
878
879
880
881
882
883
884
885
886
887
888
889
890
891
892
893
894
895
896
897
898
899
900
901
902
903
904
905
906
907
908
909
910
911
912
913
914
915
916
917
918
919
920
921
922
923
924
925
926
927
928
929
930
931
932
933
934
935
936
937
938
939
940
941
942
943
944
945
946
947
948
949
950
951
952
953
954
955
956
957
958
959
960
961
962
963
964
965
966
967
968
969
970
971
972
973
974
975
976
977
978
979
980
981
982
983
984
985
986
987
988
989
990
991
992
993
994
995
996
997
998
999
1000
1001
1002
1003
1004
1005
1006
1007
1008
1009
1010
1011
1012
1013
1014
1015
1016
1017
1018
1019
1020
1021
1022
1023
