0
1
2
3
4
5
6
7
8
9
10
11
12
13
14
15
16
17
18
19
20
21
22
23
24
25
26
27
28
29
30
31
32
33
34
35
36
37
38
39
40
41
42
43
44
45
46
47
48
49
50
51
52
53
54
55
56
57
58
59
60
61
62
63
64
65
66
67
68
69
70
135
72
73
74
75
76
77
78
79
80
81
82
83
84
85
86
87
88
89
90
91
92
93
94
95
96
97
98
99
100
134
199
233
200
105
106
202
108
109
110
111
112
113
114
115
116
117
118
119
120
121
122
123
124
125
126
127
128
129
130
131
132
232
101
71
136
201
234
299
235
268
269
143
144
145
146
147
148
149
150
151
152
153
154
155
156
157
158
159
160
161
162
196
230
165
264
265
266
267
298
172
171
300
236
302
335
177
178
179
180
181
182
183
184
185
186
187
188
189
190
191
192
193
194
198
163
296
195
102
104
137
107
331
332
205
301
333
334
368
338
369
339
276
214
215
216
217
218
219
220
221
222
223
224
225
228
231
226
329
164
227
133
103
138
140
174
367
303
366
399
241
400
401
402
370
246
247
248
249
250
251
252
253
254
255
256
257
258
262
292
263
259
261
166
167
168
169
141
142
365
398
336
432
274
275
213
277
340
279
280
281
282
283
284
285
286
287
288
289
290
291
260
297
294
325
197
293
170
139
173
206
175
238
431
464
404
564
372
499
371
341
312
313
314
315
316
317
318
319
320
321
322
323
324
295
330
358
357
229
326
203
204
207
208
176
272
337
210
212
278
311
434
403
373
345
346
347
348
349
350
351
352
353
354
355
356
328
327
363
422
389
390
359
425
270
239
237
209
211
245
310
308
344
433
436
405
377
378
379
380
381
382
383
384
385
386
387
388
361
362
391
427
454
455
423
488
457
271
240
242
243
244
343
306
376
466
435
437
409
410
411
412
413
414
415
416
417
418
419
420
421
360
395
424
364
487
392
520
521
490
304
273
342
374
407
375
408
465
467
468
441
442
443
444
445
446
447
448
449
450
451
452
453
393
394
456
397
458
519
552
553
555
523
305
406
438
439
440
469
497
498
500
473
474
475
476
477
478
479
480
481
482
483
484
485
486
426
396
489
430
522
585
586
554
587
556
470
471
309
472
501
529
530
531
532
506
507
508
509
510
511
512
513
514
515
516
517
518
459
428
429
491
462
524
618
622
619
588
502
503
504
505
534
533
595
563
565
630
539
540
541
542
543
544
545
546
547
548
549
550
551
460
461
494
463
496
589
650
654
651
590
566
536
307
537
562
596
628
661
663
728
699
573
574
575
576
577
578
579
580
581
582
583
584
492
493
495
528
557
561
620
683
750
751
535
568
664
599
598
694
696
697
698
604
605
606
607
608
609
610
611
612
613
614
615
616
617
525
527
591
621
526
652
749
718
752
722
567
631
538
629
632
634
633
636
635
637
731
639
640
641
642
643
644
645
646
647
648
649
558
560
623
653
559
716
782
783
686
787
753
600
665
570
597
662
695
762
733
729
670
700
672
673
674
675
676
677
678
679
680
681
682
592
684
685
658
781
951
816
785
784
755
818
569
666
601
602
603
572
703
671
763
701
704
705
706
707
708
709
710
711
712
713
714
715
687
655
625
717
815
754
627
723
817
819
851
885
571
669
829
638
798
668
735
734
736
737
738
739
740
741
742
743
744
745
746
747
748
624
593
594
626
660
721
692
849
850
919
854
827
828
667
702
830
767
799
765
768
769
770
771
772
773
774
775
776
777
778
779
780
719
656
657
691
690
820
659
882
822
852
853
859
983
860
861
797
796
732
766
800
801
802
803
804
805
806
807
808
809
810
811
812
813
814
720
689
724
693
725
786
883
789
916
886
891
892
760
761
730
764
831
832
833
834
835
836
837
838
839
840
841
842
843
844
845
846
847
848
756
757
726
790
791
759
948
917
923
858
792
794
795
862
863
864
865
866
867
868
869
870
871
872
873
874
875
876
877
878
879
880
881
788
821
855
727
824
884
949
955
922
825
826
893
894
895
896
897
898
899
900
901
902
903
904
905
906
907
908
909
910
911
912
913
914
915
823
856
918
758
986
954
890
857
924
925
926
927
928
929
930
931
932
933
934
935
936
937
938
939
940
941
942
943
944
945
946
947
887
888
981
688
1016
1017
921
889
956
957
958
959
960
961
962
963
964
965
966
967
968
969
970
971
972
973
974
975
976
977
978
979
980
950
982
793
1015
1018
920
987
988
989
990
991
992
993
994
995
996
997
998
999
1000
1001
1002
1003
1004
1005
1006
1007
1008
1009
1010
1011
1012
1013
1014
984
952
985
953
1019
1020
1021
1022
1023
