0
1
2
3
4
5
6
7
8
9
10
11
12
13
14
15
16
17
18
19
20
21
22
23
24
25
26
27
28
29
30
31
32
33
34
35
36
37
38
39
40
41
42
43
44
45
46
47
48
49
50
51
52
53
54
55
56
57
58
59
60
61
62
63
64
65
66
67
68
69
70
71
72
73
74
75
76
77
78
79
80
81
82
83
84
85
86
87
88
89
90
91
92
93
94
95
96
97
98
99
100
101
102
103
104
105
106
107
108
109
110
111
112
113
114
115
116
117
118
119
120
121
122
123
124
125
126
127
128
129
130
131
132
133
134
135
136
137
138
139
140
141
142
143
144
145
146
147
148
149
150
151
152
153
154
155
156
157
158
159
160
161
162
163
164
165
166
167
330
298
299
171
172
174
175
176
209
210
178
179
180
181
182
183
184
185
186
187
188
189
190
191
192
193
194
195
196
197
198
199
168
169
170
266
363
331
366
367
273
241
274
242
243
212
213
215
216
217
218
219
220
221
222
223
224
225
226
227
228
229
261
230
231
200
201
202
204
173
399
368
336
337
305
306
275
276
308
214
248
249
250
251
252
253
254
255
256
257
258
259
260
361
293
262
263
232
233
234
203
205
206
398
400
401
369
338
370
339
309
246
247
281
282
283
284
285
286
287
288
289
290
291
292
325
329
326
294
295
264
265
235
237
238
208
207
432
433
434
466
402
403
435
371
313
314
315
316
317
318
319
320
321
322
323
324
357
359
362
358
327
296
297
267
236
269
239
177
211
464
465
307
341
279
280
312
345
346
347
348
349
350
351
352
353
354
355
356
389
424
393
394
390
360
328
268
300
301
270
271
240
244
245
278
310
311
344
377
467
378
379
380
381
382
383
384
385
386
387
388
421
423
425
426
395
391
422
392
332
333
302
303
272
340
277
342
375
343
376
442
468
410
411
412
413
414
415
416
417
418
419
420
453
455
456
458
427
460
486
454
364
365
334
335
304
372
373
374
407
408
409
499
500
501
443
444
445
446
447
448
449
450
451
452
485
488
457
490
459
492
431
487
518
396
397
430
404
405
438
406
439
440
441
498
533
534
475
476
477
478
479
480
481
482
483
484
517
519
489
522
491
493
494
463
617
649
428
429
436
437
470
471
472
473
474
531
532
535
507
508
509
510
511
512
513
514
515
516
550
551
520
521
523
524
525
495
496
461
618
619
462
469
502
503
504
505
506
563
564
597
539
540
541
542
543
544
545
546
547
548
549
583
552
553
554
555
557
526
527
528
497
681
651
565
567
536
568
569
537
538
596
628
662
572
573
574
575
576
577
578
579
580
581
582
584
585
586
556
589
558
559
560
529
530
746
566
598
599
600
601
602
570
571
629
695
604
605
606
607
608
609
610
611
612
613
614
615
616
587
588
621
590
591
592
561
562
594
818
631
663
632
633
634
635
603
636
727
728
637
638
639
640
641
642
643
644
645
646
647
648
650
620
652
653
622
623
624
593
626
819
852
820
664
696
665
666
667
668
762
761
794
670
671
672
673
674
675
676
677
678
679
680
682
683
684
685
654
655
656
625
847
880
851
595
630
853
697
729
698
699
700
701
669
702
703
704
705
706
707
708
709
710
711
712
713
715
716
717
686
687
688
657
658
786
659
627
660
661
854
855
730
731
732
733
734
735
767
736
737
738
739
740
741
742
743
744
745
714
747
748
749
718
719
720
689
690
691
692
693
694
821
887
888
763
764
765
766
798
799
768
769
770
771
772
773
774
775
776
777
778
779
780
781
750
751
752
721
722
723
724
725
726
885
886
889
795
796
797
830
831
827
800
801
802
803
804
805
806
807
808
809
810
811
812
813
782
783
784
753
754
755
756
757
758
759
919
760
793
921
829
862
828
861
832
833
834
835
836
837
838
839
840
841
842
843
844
845
814
815
816
817
785
787
788
789
790
791
792
826
825
922
923
863
860
893
864
865
866
867
868
869
870
871
872
873
874
875
876
877
878
846
848
881
849
850
883
884
822
823
824
856
859
954
955
895
926
894
896
897
898
899
900
901
902
903
904
905
906
907
908
909
910
879
912
913
914
882
915
916
917
918
920
857
858
890
956
924
925
927
928
929
930
931
932
933
934
935
936
937
938
939
940
941
942
943
911
944
945
946
947
948
949
950
951
952
953
891
987
957
958
959
960
961
962
963
964
965
966
967
968
969
970
971
972
973
974
975
976
977
978
979
980
981
982
983
984
985
986
892
988
989
990
991
992
993
994
995
996
997
998
999
1000
1001
1002
1003
1004
1005
1006
1007
1008
1009
1010
1011
1012
1013
1014
1015
1016
1017
1018
1019
1020
1021
1022
1023
