5 5
-11.280514172716444
-11.401856008445531
-11.543591231305239
-11.704782995333025
-11.884864324042679
-11.180422948757572
-233.898805111418140
-437.683327105264420
-193.310469784069970
-11.704782971978249
-11.101959799512150
-435.032938138659290
-822.896448689913430
-357.475951540396860
-11.543554524540086
-11.045411881612516
-147.427106708178370
-272.223424948504540
-122.589659642048400
-11.401805115416634
-11.011357772810586
-11.045462774641413
-11.101996506277303
-11.180422972112348
-11.280514172716444
